由内线作战转入外线作战，也就是由战略防御阶段转入战略进攻阶段。人民解放军按照毛泽东所规定的战略计划，从一九四七年七月至九...
（一九四八年三月改称山东兵团）
========================================

在打破敌人的重点进攻以后，其主力部队于八月初挺进鲁西南，九月下旬进入豫皖苏地区。华东野战军的内线兵团（一九四八年三月改称山东兵团），从十月初起向胶东地区之敌发起攻势作战。西北野战军八月下旬转入反攻。晋察冀野战军九月初对平汉线北段之敌发起攻势作战。东北野战军紧接着全东北范围的夏季攻势之后，从九月起，在长春、吉林、四平地区和北宁线锦西至义县地区发起大规模的秋季攻势。所有这些战场上的攻势，组成了人民解放军全面进攻的总形势。人民解放军的大举进攻，使解放战争达到了一个转折点，标志着战争形势的根本改变，参看本卷《目前形势和我们的任务》一文。）

上一页 1 2 3 4 5 6 7 8 9 10 下一页   >>|
 |   上一页 11 12 13 14 15 16 17 18 19 20 下一页   >>|
 |   上一页 21 22 23 24 25 26 27 28 29 30 下一页   >>|
 |   上一页 31 32 33 34 35 36 37 38 39 40 下一页   >>|
 |   上一页 41 42 43 44 45 46 47 48 49 50 下一页   >>|
 |   上一页 51 52 53 54 55 56 57 58 59 60 下一页   >>|
 |   上一页 61 62 63 64 65 66 67 68 69 70 下一页