在中国共产党领导之下的以反对美国帝国主义对于中国的疯狂侵略，反对卖国、独裁和以内战屠杀中国人民的国民党反动政府为目标的伟...
（一九四八年七月以后的发展，尚未计算在内）
========================================

的两年时间内，已经打退了国民党反动政府的四百三十万军队的进攻，并使自己由防御转到了进攻。在两年作战中（一九四八年七月以后的发展，尚未计算在内），人民解放军俘虏和消灭了国民党军队二百六十四万人。中国解放区现有面积二百三十五万平方公里，占全国面积九百五十九万七千平方公里的百分之二十四点五；现有人口一亿六千八百万，占全国人口四亿七千五百万的百分之三十五点三；现有城市五百八十六座，占全国城市二千零九座的百分之二十九。由于我党坚决地领导农民实现了土地制度的改革，现已在大约一亿人口的区域彻底地解决了土地问题，地主阶级和旧式富农的土地大致平均地分配给了农民，首先是贫农和雇农。中国共产党的党员，由一九四五年的一百二十一万人，增加到了现在的三百万人。中国共产党的任务，是在全国范围内团结一切革命力量，驱逐美国帝国主义的侵略势力，打倒国民党的反动统治，建立统一的民主的人民共和国。我们知道，我们面前还有许多困难。但是，我们不怕这些困难。我们认为困难是必须克服，并且能够克服的。

十月革命的光芒照耀着我们。苦难的中国人民必须求得解放，并且他们坚信是能够求得解放的。一向孤立的中国革命斗争，自从十月革命胜利以后，就不再感觉孤立了。我们有全世界的共产党和工人阶级的援助。这一点，中国革命的先行者孙中山先生是理解的，他确定了联合苏联反对帝国主义的政策。他在临终的时候，还写了一封给苏联的信，当作他的一份遗嘱。背叛孙中山的政策、站在帝国主义反革命战线方面、反对自己国家的人民的，是国民党的蒋介石匪帮。但是人们不要很久就可以看到，国民党的全部反动统治将被中国人民所彻底地打碎。中国人民是勇敢的，中国共产党也是勇敢的，他们一定要解放全中国。

〔1〕 见斯大林《十月革命和民族问题》（《斯大林选集》上卷，人民出版社1979年版，第126页）。

（这是毛泽东给欧洲共产党和工人党情报局机关刊物《争取持久和平，争取人民民主！》所写的纪念十月革命三十一周年的论文。这篇论文发表在该刊一九四八年第二十一期。）

上一页 1 2 3 4 5 6 7 8 9 10 下一页   >>|
 |   上一页 11 12 13 14 15 16 17 18 19 20 下一页   >>|
 |   上一页 21 22 23 24 25 26 27 28 29 30 下一页   >>|
 |   上一页 31 32 33 34 35 36 37 38 39 40 下一页   >>|
 |   上一页 41 42 43 44 45 46 47 48 49 50 下一页   >>|
 |   上一页 51 52 53 54 55 56 57 58 59 60 下一页   >>|
 |   上一页 61 62 63 64 65 66 67 68 69 70 下一页